X-Axis	NPA w/ HMB-1 20x (CRR) (SG) (Sub BG)
-3.97831E+02	 2.11475E+00
-3.93106E+02	 3.44604E+00
-3.88385E+02	 2.23218E+00
-3.83668E+02	 7.86133E-01
-3.78954E+02	-5.42969E-01
-3.74244E+02	-9.69238E-01
-3.69537E+02	-1.24902E+00
-3.64833E+02	-3.64746E-01
-3.60133E+02	 8.56689E-01
-3.55437E+02	 1.35742E+00
-3.50744E+02	 1.14722E+00
-3.46054E+02	 1.32349E+00
-3.41368E+02	-6.74316E-01
-3.36685E+02	-1.60693E+00
-3.32006E+02	-2.88696E+00
-3.27330E+02	-2.43164E+00
-3.22658E+02	-1.83618E+00
-3.17989E+02	 1.20581E+00
-3.13323E+02	 2.41699E+00
-3.08661E+02	 3.80127E+00
-3.04002E+02	 3.69702E+00
-2.99347E+02	 4.33618E+00
-2.94695E+02	 2.73926E+00
-2.90047E+02	 8.42773E-01
-2.85402E+02	-1.16870E+00
-2.80760E+02	-8.28125E-01
-2.76122E+02	-2.01245E+00
-2.71487E+02	-1.30908E+00
-2.66855E+02	-4.30176E-01
-2.62227E+02	 2.79785E-01
-2.57603E+02	-2.33154E-01
-2.52981E+02	 4.78271E-01
-2.48363E+02	 8.58643E-01
-2.43749E+02	 9.51172E-01
-2.39138E+02	 5.66650E-01
-2.34530E+02	-3.91602E-01
-2.29925E+02	-9.74121E-02
-2.25324E+02	-6.80664E-01
-2.20726E+02	 3.54736E-01
-2.16132E+02	 1.32031E+00
-2.11541E+02	 2.84106E+00
-2.06953E+02	 2.46191E+00
-2.02369E+02	 1.35913E+00
-1.97788E+02	-9.46045E-01
-1.93210E+02	-1.32568E+00
-1.88636E+02	-2.28760E+00
-1.84065E+02	-1.89575E+00
-1.79497E+02	-1.95483E+00
-1.74932E+02	-1.47900E+00
-1.70371E+02	-3.23486E-01
-1.65814E+02	-3.58154E-01
-1.61259E+02	-1.40820E+00
-1.56708E+02	-2.88794E+00
-1.52160E+02	-4.51367E+00
-1.47615E+02	-2.38843E+00
-1.43074E+02	 3.54248E-01
-1.38536E+02	 3.78638E+00
-1.34001E+02	 4.11523E+00
-1.29470E+02	 1.91699E+00
-1.24942E+02	 7.14844E-01
-1.20417E+02	 8.46680E-01
-1.15896E+02	 1.62183E+00
-1.11377E+02	 1.57739E+00
-1.06862E+02	 3.05908E-01
-1.02350E+02	 2.83203E-01
-9.78419E+01	-1.40601E+00
-9.33366E+01	-4.39209E-01
-8.88346E+01	-9.73633E-01
-8.43359E+01	-8.03467E-01
-7.98404E+01	-1.15527E+00
-7.53481E+01	-1.83813E+00
-7.08591E+01	-8.43506E-01
-6.63733E+01	 1.41113E-01
-6.18908E+01	 1.33496E+00
-5.74114E+01	-8.27393E-01
-5.29353E+01	-5.21094E+00
-4.84625E+01	-5.22266E+00
-4.39928E+01	-3.63525E+00
-3.95264E+01	-2.68066E+00
-3.50632E+01	 2.47803E-01
-3.06031E+01	 1.02197E+00
-2.61463E+01	-2.23364E+00
-2.16927E+01	-6.63696E+00
-1.72423E+01	-7.86914E+00
-1.27951E+01	-1.18140E+01
-8.35111E+00	 1.55024E+01
-3.91029E+00	 4.26753E+01
 5.27351E-01	 6.10967E+01
 4.96181E+00	 6.84224E+01
 9.39308E+00	 6.15850E+01
 1.38212E+01	 3.62705E+01
 1.82461E+01	 5.48877E+00
 2.26679E+01	-2.78359E+01
 2.70865E+01	-3.89321E+01
 3.15019E+01	-6.57070E+01
 3.59141E+01	-9.94077E+01
 4.03233E+01	-4.80537E+01
 4.47292E+01	 5.12925E+01
 4.91320E+01	-5.20508E-01
 5.35317E+01	 1.09296E+02
 5.79282E+01	 1.07266E+03
 6.23216E+01	 2.14469E+03
 6.67118E+01	 3.15960E+03
 7.10989E+01	 4.02174E+03
 7.54829E+01	 4.64666E+03
 7.98637E+01	 5.03000E+03
 8.42415E+01	 5.17266E+03
 8.86161E+01	 5.16980E+03
 9.29876E+01	 5.04590E+03
 9.73559E+01	 4.80410E+03
 1.01721E+02	 4.50640E+03
 1.06083E+02	 4.22398E+03
 1.10442E+02	 3.96469E+03
 1.14798E+02	 3.73529E+03
 1.19151E+02	 3.52153E+03
 1.23501E+02	 3.33133E+03
 1.27848E+02	 3.09754E+03
 1.32191E+02	 2.81768E+03
 1.36532E+02	 2.59536E+03
 1.40869E+02	 2.44597E+03
 1.45203E+02	 2.30281E+03
 1.49535E+02	 2.13027E+03
 1.53863E+02	 1.93232E+03
 1.58188E+02	 1.73170E+03
 1.62510E+02	 1.55146E+03
 1.66829E+02	 1.40874E+03
 1.71145E+02	 1.30814E+03
 1.75458E+02	 1.22173E+03
 1.79768E+02	 1.11873E+03
 1.84074E+02	 9.86849E+02
 1.88378E+02	 8.99950E+02
 1.92679E+02	 8.58479E+02
 1.96976E+02	 8.25448E+02
 2.01271E+02	 7.60442E+02
 2.05562E+02	 6.95056E+02
 2.09851E+02	 6.63333E+02
 2.14136E+02	 6.57394E+02
 2.18419E+02	 6.89285E+02
 2.22698E+02	 7.53158E+02
 2.26975E+02	 7.92312E+02
 2.31248E+02	 8.11003E+02
 2.35519E+02	 8.14106E+02
 2.39786E+02	 8.30376E+02
 2.44050E+02	 8.94204E+02
 2.48312E+02	 9.84220E+02
 2.52570E+02	 1.02424E+03
 2.56825E+02	 1.00152E+03
 2.61078E+02	 9.39545E+02
 2.65327E+02	 8.77270E+02
 2.69574E+02	 8.36972E+02
 2.73817E+02	 8.60145E+02
 2.78057E+02	 8.82519E+02
 2.82295E+02	 8.36419E+02
 2.86529E+02	 7.36328E+02
 2.90761E+02	 6.35642E+02
 2.94989E+02	 5.14694E+02
 2.99215E+02	 4.05893E+02
 3.03438E+02	 3.56720E+02
 3.07657E+02	 3.51677E+02
 3.11874E+02	 3.39266E+02
 3.16088E+02	 3.33791E+02
 3.20298E+02	 3.08519E+02
 3.24506E+02	 2.44234E+02
 3.28711E+02	 1.77698E+02
 3.32913E+02	 1.52282E+02
 3.37112E+02	 1.38237E+02
 3.41308E+02	 1.30368E+02
 3.45501E+02	 1.24051E+02
 3.49691E+02	 1.15112E+02
 3.53879E+02	 9.65405E+01
 3.58063E+02	 7.96064E+01
 3.62244E+02	 7.96963E+01
 3.66423E+02	 8.97461E+01
 3.70598E+02	 9.87031E+01
 3.74771E+02	 1.06150E+02
 3.78941E+02	 1.07315E+02
 3.83108E+02	 1.21799E+02
 3.87272E+02	 1.42021E+02
 3.91433E+02	 1.53983E+02
 3.95591E+02	 1.50029E+02
 3.99746E+02	 1.24181E+02
 4.03898E+02	 8.04746E+01
 4.08048E+02	 4.86621E+01
 4.12194E+02	 5.76460E+01
 4.16338E+02	 8.25103E+01
 4.20479E+02	 1.03222E+02
 4.24617E+02	 1.08293E+02
 4.28752E+02	 1.03783E+02
 4.32884E+02	 6.07402E+01
 4.37013E+02	 8.76758E+00
 4.41140E+02	-4.95215E+00
 4.45263E+02	-8.09082E+00
 4.49384E+02	-2.47461E+00
 4.53502E+02	 6.57715E+00
 4.57617E+02	 1.71606E+01
 4.61729E+02	 2.11792E+01
 4.65838E+02	 2.22754E+01
 4.69945E+02	 2.86157E+01
 4.74048E+02	 3.32842E+01
 4.78149E+02	 2.64165E+01
 4.82247E+02	 1.51182E+01
 4.86342E+02	-2.02959E+01
 4.90434E+02	-2.64556E+01
 4.94524E+02	-1.94775E+01
 4.98610E+02	-1.63340E+01
 5.02694E+02	-6.02393E+00
 5.06775E+02	 1.47271E+01
 5.10853E+02	 3.35889E+00
 5.14929E+02	-8.23438E+00
 5.19001E+02	-1.21045E+00
 5.23071E+02	 1.20747E+01
 5.27138E+02	 3.06006E+00
 5.31202E+02	-2.94189E+00
 5.35263E+02	-3.51563E-02
 5.39322E+02	-1.63213E+01
 5.43377E+02	-2.45962E+01
 5.47430E+02	 5.96191E+00
 5.51480E+02	 3.54434E+01
 5.55528E+02	 3.36602E+01
 5.59572E+02	 3.11064E+01
 5.63614E+02	 1.78379E+01
 5.67653E+02	 1.73872E+01
 5.71689E+02	 1.70234E+01
 5.75723E+02	 1.84883E+01
 5.79753E+02	-7.84180E-01
 5.83781E+02	-4.10659E+01
 5.87806E+02	-5.81162E+01
 5.91829E+02	-4.02119E+01
 5.95848E+02	-6.59619E+00
 5.99865E+02	 3.82754E+01
 6.03879E+02	 5.31001E+01
 6.07891E+02	 4.28496E+01
 6.11899E+02	 1.34619E+01
 6.15905E+02	 4.78516E+00
 6.19908E+02	 1.14443E+01
 6.23908E+02	 1.99150E+01
 6.27906E+02	 5.10068E+01
 6.31901E+02	 8.59419E+01
 6.35893E+02	 9.19751E+01
 6.39882E+02	 6.89380E+01
 6.43869E+02	 4.92690E+01
 6.47853E+02	 3.08516E+01
 6.51834E+02	 2.26470E+01
 6.55813E+02	 2.72407E+01
 6.59789E+02	 4.93242E+01
 6.63762E+02	 6.19531E+01
 6.67732E+02	 5.88491E+01
 6.71700E+02	 5.29697E+01
 6.75665E+02	 4.25806E+01
 6.79627E+02	 3.98130E+01
 6.83587E+02	 4.76191E+01
 6.87544E+02	 5.63276E+01
 6.91498E+02	 6.87197E+01
 6.95449E+02	 5.83389E+01
 6.99398E+02	 4.14092E+01
 7.03344E+02	 2.10938E+01
 7.07288E+02	 1.00542E+01
 7.11228E+02	 7.22754E+00
 7.15166E+02	 3.11733E+01
 7.19102E+02	 6.58267E+01
 7.23034E+02	 7.15269E+01
 7.26965E+02	 4.56187E+01
 7.30892E+02	-7.07861E+00
 7.34817E+02	-5.11470E+01
 7.38739E+02	-6.53408E+01
 7.42658E+02	-3.43647E+01
 7.46575E+02	 1.98994E+01
 7.50489E+02	 5.23936E+01
 7.54400E+02	 4.78984E+01
 7.58309E+02	 2.49448E+01
 7.62215E+02	-7.21777E+00
 7.66119E+02	-1.65737E+01
 7.70019E+02	-2.29492E+00
 7.73918E+02	 1.95513E+01
 7.77813E+02	 4.04160E+01
 7.81706E+02	 5.73906E+01
 7.85596E+02	 4.73081E+01
 7.89484E+02	 1.93291E+01
 7.93369E+02	-2.70020E+00
 7.97251E+02	 8.91211E+00
 8.01131E+02	 3.44424E+01
 8.05008E+02	 5.43540E+01
 8.08883E+02	 7.78833E+01
 8.12755E+02	 8.23062E+01
 8.16624E+02	 5.84702E+01
 8.20491E+02	 4.76445E+01
 8.24355E+02	 7.95400E+01
 8.28217E+02	 1.06419E+02
 8.32075E+02	 1.00771E+02
 8.35932E+02	 9.48862E+01
 8.39785E+02	 1.22563E+02
 8.43637E+02	 1.42161E+02
 8.47485E+02	 1.15063E+02
 8.51331E+02	 9.21899E+01
 8.55174E+02	 6.35498E+01
 8.59015E+02	 1.68872E+01
 8.62853E+02	-1.83213E+01
 8.66689E+02	-1.66182E+01
 8.70522E+02	-4.17334E+00
 8.74352E+02	-2.87612E+01
 8.78180E+02	-3.92974E+01
 8.82006E+02	-3.00400E+01
 8.85828E+02	-8.62012E+00
 8.89648E+02	 2.69390E+01
 8.93466E+02	 5.91216E+01
 8.97281E+02	 7.23726E+01
 9.01094E+02	 3.68657E+01
 9.04904E+02	 6.66504E-01
 9.08711E+02	 1.87793E+00
 9.12516E+02	 1.74521E+01
 9.16318E+02	 4.33970E+01
 9.20118E+02	 3.58223E+01
 9.23915E+02	 1.03555E+01
 9.27710E+02	-1.48247E+01
 9.31502E+02	-2.32437E+01
 9.35292E+02	-7.56299E+00
 9.39079E+02	 1.34307E+01
 9.42863E+02	 2.57207E+01
 9.46645E+02	 2.73457E+01
 9.50425E+02	-2.01611E+00
 9.54202E+02	-3.62056E+01
 9.57976E+02	-4.69536E+01
 9.61748E+02	-1.86548E+01
 9.65517E+02	 2.27041E+01
 9.69284E+02	 4.43452E+01
 9.73049E+02	 3.82642E+01
 9.76811E+02	 2.34326E+01
 9.80570E+02	 5.15137E-01
 9.84327E+02	 2.83506E+01
 9.88081E+02	 7.55776E+01
 9.91833E+02	 9.72578E+01
 9.95583E+02	 8.66455E+01
 9.99329E+02	 6.59248E+01
 1.00307E+03	 4.43545E+01
 1.00682E+03	 2.06587E+01
 1.01056E+03	 1.79224E+01
 1.01429E+03	 3.57886E+01
 1.01803E+03	 3.82363E+01
 1.02176E+03	 3.03359E+01
 1.02549E+03	 6.33105E+00
 1.02922E+03	-2.36934E+01
 1.03294E+03	-4.46958E+01
 1.03666E+03	-4.39097E+01
 1.04038E+03	-4.74951E+00
 1.04410E+03	 4.53130E+01
 1.04781E+03	 6.79321E+01
 1.05153E+03	 4.71045E+01
 1.05524E+03	 8.78271E+00
 1.05894E+03	-1.59395E+01
 1.06265E+03	-1.89844E+01
 1.06635E+03	-2.02080E+01
 1.07005E+03	-1.41191E+01
 1.07375E+03	-2.68877E+01
 1.07744E+03	-2.40459E+01
 1.08114E+03	 6.08008E+00
 1.08483E+03	 2.88369E+01
 1.08851E+03	 2.74546E+01
 1.09220E+03	 1.24844E+01
 1.09588E+03	-4.42627E+00
 1.09956E+03	-9.04492E+00
 1.10324E+03	-1.81133E+01
 1.10692E+03	-1.01128E+01
 1.11059E+03	-1.74414E+00
 1.11426E+03	 4.13184E+00
 1.11793E+03	 8.30225E+00
 1.12159E+03	 2.24609E-02
 1.12526E+03	-2.16611E+01
 1.12892E+03	-5.12617E+01
 1.13258E+03	-4.32046E+01
 1.13623E+03	-5.44287E+00
 1.13989E+03	 1.47295E+01
 1.14354E+03	 1.68389E+01
 1.14719E+03	 1.05005E+01
 1.15084E+03	 1.89141E+01
 1.15448E+03	 2.31782E+01
 1.15812E+03	 1.30078E+01
 1.16176E+03	 6.13135E+00
 1.16540E+03	-1.75288E+01
 1.16903E+03	-2.60098E+01
 1.17267E+03	-1.94434E+00
 1.17630E+03	 2.88682E+01
 1.17992E+03	 4.67583E+01
 1.18355E+03	 4.36372E+01
 1.18717E+03	 4.61846E+01
 1.19079E+03	 3.35815E+01
 1.19441E+03	-5.23926E-01
 1.19803E+03	-1.47637E+01
 1.20164E+03	-2.02285E+01
 1.20525E+03	-1.60308E+01
 1.20886E+03	-5.14453E+00
 1.21246E+03	-2.94629E+00
 1.21607E+03	-1.29297E+01
 1.21967E+03	-3.18315E+01
 1.22327E+03	-2.46548E+01
 1.22687E+03	 1.37134E+01
 1.23046E+03	 3.16245E+01
 1.23405E+03	 3.00786E+01
 1.23764E+03	 1.06123E+01
 1.24123E+03	-1.05933E+01
 1.24482E+03	-2.03447E+01
 1.24840E+03	-1.02222E+01
 1.25198E+03	 2.27607E+01
 1.25556E+03	 4.37852E+01
 1.25913E+03	 2.11733E+01
 1.26271E+03	 6.85547E+00
 1.26628E+03	 1.43906E+01
 1.26985E+03	 1.56846E+01
 1.27341E+03	 2.12485E+01
 1.27698E+03	 3.04336E+01
 1.28054E+03	 3.55752E+01
 1.28410E+03	 3.10615E+01
 1.28766E+03	 1.02275E+01
 1.29121E+03	 3.67188E+00
 1.29476E+03	-1.83682E+01
 1.29831E+03	-3.29292E+01
 1.30186E+03	-8.31299E+00
 1.30541E+03	 1.09258E+01
 1.30895E+03	 2.21851E+01
 1.31249E+03	 1.19976E+01
 1.31603E+03	 1.12646E+00
 1.31957E+03	 7.43359E+00
 1.32310E+03	 8.84180E+00
 1.32663E+03	 7.44775E+00
 1.33016E+03	-1.44482E+00
 1.33369E+03	-1.94214E+01
 1.33722E+03	-2.09609E+01
 1.34074E+03	-9.84375E+00
 1.34426E+03	-7.20996E+00
 1.34778E+03	-8.18457E+00
 1.35129E+03	-5.59033E+00
 1.35481E+03	 1.62891E+00
 1.35832E+03	 1.95259E+01
 1.36183E+03	 2.92910E+01
 1.36534E+03	 3.08394E+01
 1.36884E+03	 1.26475E+01
 1.37234E+03	-9.68164E+00
 1.37584E+03	-1.05029E+01
 1.37934E+03	-1.25049E+01
 1.38284E+03	-1.01157E+01
 1.38633E+03	 9.65088E+00
 1.38982E+03	 2.21548E+01
 1.39331E+03	 2.05088E+01
 1.39680E+03	 4.30225E+00
 1.40028E+03	-6.62354E+00
 1.40376E+03	-3.30337E+01
 1.40724E+03	-4.91387E+01
 1.41072E+03	-4.19028E+01
 1.41420E+03	-1.30278E+01
 1.41767E+03	 1.10298E+01
 1.42114E+03	 3.21792E+01
 1.42461E+03	 3.78242E+01
 1.42808E+03	 1.51484E+01
 1.43154E+03	-1.12876E+01
 1.43500E+03	-1.29785E+00
 1.43846E+03	 2.70654E+00
 1.44192E+03	 7.14355E+00
 1.44537E+03	 3.42725E+00
 1.44883E+03	-9.10645E-01
 1.45228E+03	-8.75244E+00
 1.45573E+03	-5.07813E-02
 1.45917E+03	 2.20786E+01
 1.46262E+03	 2.83545E+01
 1.46606E+03	 1.94414E+01
 1.46950E+03	 1.31460E+01
 1.47294E+03	-1.00376E+01
 1.47637E+03	-4.01909E+01
 1.47981E+03	-4.63926E+01
 1.48324E+03	-2.57666E+01
 1.48667E+03	-3.23584E+00
 1.49009E+03	 2.55146E+01
 1.49352E+03	 3.47334E+01
 1.49694E+03	 1.57495E+01
 1.50036E+03	-1.00454E+01
 1.50378E+03	-2.50918E+01
 1.50720E+03	-2.61470E+01
 1.51061E+03	-3.47969E+01
 1.51402E+03	-1.99697E+01
 1.51743E+03	 8.70605E+00
 1.52084E+03	 1.69966E+01
 1.52424E+03	 2.03662E+01
 1.52764E+03	 2.85117E+01
 1.53105E+03	 2.10479E+01
 1.53444E+03	 3.90186E+00
 1.53784E+03	 3.90137E-01
 1.54123E+03	 2.79287E+01
 1.54463E+03	 4.56045E+01
 1.54802E+03	 6.33594E+01
 1.55140E+03	 7.72192E+01
 1.55479E+03	 8.03604E+01
 1.55817E+03	 7.02734E+01
 1.56155E+03	 5.50562E+01
 1.56493E+03	 4.18413E+01
 1.56831E+03	 3.75044E+01
 1.57168E+03	 1.47505E+01
 1.57506E+03	 1.64551E+00
 1.57843E+03	-5.28369E+00
 1.58180E+03	 2.36816E-01
 1.58516E+03	-1.89014E+00
 1.58853E+03	 3.22559E+00
 1.59189E+03	 2.72573E+01
 1.59525E+03	 3.88052E+01
 1.59861E+03	 3.82490E+01
 1.60196E+03	 4.19712E+01
 1.60531E+03	 3.02031E+01
 1.60867E+03	 1.22856E+01
 1.61202E+03	 2.01758E+00
 1.61536E+03	 7.58203E+00
 1.61871E+03	 4.76514E+00
 1.62205E+03	 2.88623E+00
 1.62539E+03	 2.41064E+00
 1.62873E+03	-6.26807E+00
 1.63207E+03	-1.38154E+01
 1.63540E+03	-2.90625E+00
 1.63873E+03	 9.75146E+00
 1.64206E+03	 2.55420E+00
 1.64539E+03	-8.81494E+00
 1.64872E+03	-9.18604E+00
 1.65204E+03	-3.84668E+00
 1.65536E+03	 7.94629E+00
 1.65868E+03	 9.94775E+00
 1.66200E+03	 9.10889E+00
 1.66532E+03	-5.58936E+00
 1.66863E+03	-1.77759E+01
 1.67194E+03	-4.87646E+00
 1.67525E+03	 7.85449E+00
 1.67856E+03	 1.19746E+01
 1.68186E+03	 9.07471E+00
 1.68516E+03	-3.64258E-01
 1.68847E+03	-8.26465E+00
 1.69176E+03	-1.01509E+01
 1.69506E+03	 4.57129E+00
 1.69836E+03	 2.12373E+01
 1.70165E+03	 2.03979E+01
 1.70494E+03	 6.74756E+00
 1.70823E+03	-9.44238E+00
 1.71151E+03	-1.78359E+01
 1.71480E+03	-1.28701E+01
 1.71808E+03	 2.14648E+00
 1.72136E+03	 1.42920E+01
 1.72464E+03	 1.17896E+01
 1.72792E+03	 3.49268E+00
 1.73119E+03	-3.41748E+00
 1.73446E+03	-1.92773E+00
 1.73773E+03	-1.18457E+00
 1.74100E+03	 9.07715E-01
 1.74427E+03	 3.41309E-01
 1.74753E+03	-4.91943E+00
 1.75079E+03	-4.80127E+00
 1.75405E+03	-7.83203E-01
 1.75731E+03	 7.05762E+00
 1.76057E+03	 8.02881E+00
 1.76382E+03	 8.34277E+00
 1.76707E+03	 1.21973E+00
 1.77032E+03	-7.91357E+00
 1.77357E+03	-3.91943E+00
 1.77681E+03	 4.26172E+00
 1.78006E+03	 5.31348E+00
 1.78330E+03	 4.54639E+00
 1.78654E+03	-4.11572E+00
 1.78978E+03	-8.19043E+00
 1.79301E+03	-1.02495E+01
 1.79625E+03	-6.01367E+00
 1.79948E+03	-6.22754E+00
 1.80271E+03	-4.72900E+00
 1.80593E+03	 3.70850E+00
 1.80916E+03	 1.08716E+01
 1.81238E+03	 1.36616E+01
 1.81560E+03	 2.18154E+01
 1.81882E+03	 2.13037E+01
 1.82204E+03	-2.66602E-01
 1.82526E+03	-1.52930E+01
 1.82847E+03	-1.84956E+01
 1.83168E+03	-1.28789E+01
 1.83489E+03	 5.27393E+00
 1.83810E+03	 2.99673E+01
 1.84130E+03	 4.17573E+01
 1.84451E+03	 2.95547E+01
 1.84771E+03	 1.11948E+01
 1.85091E+03	 1.48291E+00
 1.85411E+03	-3.03271E+00
 1.85730E+03	 2.22021E+00
 1.86049E+03	 1.87783E+01
 1.86369E+03	 3.45542E+01
 1.86688E+03	 3.54712E+01
 1.87006E+03	 3.14985E+01
 1.87325E+03	 1.73452E+01
 1.87643E+03	-2.09961E-02
 1.87961E+03	-8.70508E+00
 1.88279E+03	-6.03076E+00
 1.88597E+03	 2.06348E+00
 1.88915E+03	 2.61279E+00
 1.89232E+03	 5.28809E+00
 1.89549E+03	 1.21621E+01
 1.89866E+03	 6.27881E+00
 1.90183E+03	 2.98145E+00
 1.90500E+03	-1.26025E+00
 1.90816E+03	-2.50537E+00
 1.91132E+03	-5.30273E-01
 1.91448E+03	-4.24707E+00
 1.91764E+03	-4.31201E+00
 1.92080E+03	-4.26074E+00
 1.92395E+03	 1.56250E+00
 1.92710E+03	 8.91455E+00
 1.93025E+03	 1.11089E+01
 1.93340E+03	 1.52573E+01
 1.93655E+03	 1.34868E+01
 1.93969E+03	 8.66211E+00
 1.94284E+03	 5.83984E+00
 1.94598E+03	 8.74023E-02
 1.94912E+03	-3.69189E+00
 1.95225E+03	-4.53369E+00
 1.95539E+03	-8.56738E+00
 1.95852E+03	-6.87061E+00
 1.96165E+03	 2.89941E+00
 1.96478E+03	 6.77881E+00
 1.96791E+03	 4.63184E+00
 1.97103E+03	 3.12744E+00
 1.97416E+03	 7.66064E+00
 1.97728E+03	 4.66943E+00
 1.98040E+03	-6.35498E+00
 1.98352E+03	-7.55713E+00
 1.98663E+03	-2.11572E+00
 1.98975E+03	 4.66309E-01
 1.99286E+03	 9.49805E+00
 1.99597E+03	 1.23315E+01
 1.99908E+03	 9.35449E+00
 2.00218E+03	-3.47510E+00
 2.00529E+03	-6.11572E+00
 2.00839E+03	 1.76270E+00
 2.01149E+03	 9.54932E+00
 2.01459E+03	 9.64307E+00
 2.01769E+03	 6.51758E+00
 2.02078E+03	 4.33398E+00
 2.02387E+03	-3.82813E-01
 2.02696E+03	-7.12939E+00
 2.03005E+03	-8.76953E+00
 2.03314E+03	-6.75977E+00
 2.03623E+03	 1.76660E+00
 2.03931E+03	 1.03467E+01
 2.04239E+03	 1.68872E+01
 2.04547E+03	 1.42441E+01
 2.04855E+03	 5.65723E+00
 2.05163E+03	 3.83691E+00
 2.05470E+03	-1.91211E+00
 2.05777E+03	-6.91650E+00
 2.06084E+03	-7.42480E+00
 2.06391E+03	-2.17969E+00
 2.06698E+03	 1.11523E+00
 2.07004E+03	 3.80762E+00
 2.07310E+03	 1.04644E+01
 2.07617E+03	 9.07861E+00
 2.07923E+03	 4.87500E+00
 2.08228E+03	 2.79395E+00
 2.08534E+03	-2.42236E+00
 2.08839E+03	-8.83740E+00
 2.09144E+03	-1.25078E+01
 2.09449E+03	-8.13477E+00
 2.09754E+03	-3.23291E+00
 2.10059E+03	 5.86426E-01
 2.10363E+03	 7.38525E+00
 2.10667E+03	 1.19912E+01
 2.10972E+03	 9.14502E+00
 2.11275E+03	 6.45166E+00
 2.11579E+03	 3.54053E+00
 2.11883E+03	-1.65479E+00
 2.12186E+03	-5.59131E+00
 2.12489E+03	-1.50000E+00
 2.12792E+03	 5.84912E+00
 2.13095E+03	 7.11230E+00
 2.13397E+03	 1.23389E+00
 2.13700E+03	-2.44971E+00
 2.14002E+03	-4.19238E+00
 2.14304E+03	 3.48584E+00
 2.14606E+03	 1.47563E+01
 2.14908E+03	 1.79058E+01
 2.15209E+03	 9.01416E+00
 2.15511E+03	-2.97559E+00
 2.15812E+03	-8.23682E+00
 2.16113E+03	-3.73389E+00
 2.16413E+03	 5.87891E+00
 2.16714E+03	 1.16631E+01
 2.17014E+03	 4.08350E+00
 2.17315E+03	-7.61768E+00
 2.17615E+03	-1.08965E+01
 2.17915E+03	-4.33838E+00
 2.18214E+03	 2.00488E+00
 2.18514E+03	 9.56885E+00
 2.18813E+03	 1.21235E+01
 2.19112E+03	 8.23877E+00
 2.19411E+03	 2.83691E+00
 2.19710E+03	-3.10059E-01
 2.20009E+03	-5.36133E-01
 2.20307E+03	-2.09473E-01
 2.20605E+03	 7.12402E-01
 2.20903E+03	 6.02734E+00
 2.21201E+03	 4.75635E+00
 2.21499E+03	 1.49463E+00
 2.21796E+03	-4.36719E+00
 2.22094E+03	-3.77637E+00
 2.22391E+03	 2.18262E+00
 2.22688E+03	 3.60596E+00
 2.22985E+03	 5.46436E+00
 2.23281E+03	 5.15088E+00
 2.23578E+03	-1.13525E+00
 2.23874E+03	-4.81006E+00
 2.24170E+03	-8.03418E+00
 2.24466E+03	-3.84131E+00
 2.24762E+03	 2.78906E+00
 2.25058E+03	 6.93896E+00
 2.25353E+03	 9.95068E+00
 2.25648E+03	 6.49219E+00
 2.25943E+03	 1.67871E+00
 2.26238E+03	-1.79053E+00
 2.26533E+03	-5.66650E+00
 2.26827E+03	-1.79834E+00
 2.27122E+03	-8.00781E-02
 2.27416E+03	 7.27539E-01
 2.27710E+03	 3.76563E+00
 2.28004E+03	 5.92139E+00
 2.28297E+03	 7.03613E+00
 2.28591E+03	 1.56982E+00
 2.28884E+03	-1.06299E+00
 2.29177E+03	 2.02539E+00
 2.29470E+03	 4.07471E+00
 2.29763E+03	 7.20850E+00
 2.30055E+03	 6.58301E+00
 2.30348E+03	 4.64355E-01
 2.30640E+03	-6.44141E+00
 2.30932E+03	-7.40088E+00
 2.31224E+03	-3.20898E+00
 2.31516E+03	 2.00684E+00
 2.31807E+03	 5.89844E+00
 2.32099E+03	 9.11279E+00
 2.32390E+03	 9.16992E+00
 2.32681E+03	 9.23047E+00
 2.32972E+03	 9.76904E+00
 2.33262E+03	 5.21289E+00
 2.33553E+03	-5.93262E-01
 2.33843E+03	-1.60254E+00
 2.34133E+03	-1.10254E+00
 2.34423E+03	-1.21973E+00
 2.34713E+03	-1.61621E-01
 2.35003E+03	 2.82764E+00
 2.35292E+03	 5.03223E+00
 2.35581E+03	 5.21631E+00
 2.35871E+03	 5.66455E+00
 2.36160E+03	 4.70361E+00
 2.36448E+03	 2.03711E+00
 2.36737E+03	-1.26318E+00
 2.37025E+03	-2.01807E+00
 2.37314E+03	-1.58008E+00
 2.37602E+03	 5.30273E-01
 2.37890E+03	 2.52148E+00
 2.38177E+03	 1.46729E+00
 2.38465E+03	 1.99316E+00
 2.38752E+03	 2.25830E+00
 2.39040E+03	 3.87695E-01
 2.39327E+03	-1.40479E+00
 2.39614E+03	-1.87012E+00
 2.39900E+03	-3.75488E+00
 2.40187E+03	-2.73486E+00
 2.40473E+03	 8.24707E-01
 2.40760E+03	 4.79932E+00
 2.41046E+03	 4.98584E+00
 2.41332E+03	 3.93311E+00
 2.41617E+03	 2.17432E+00
 2.41903E+03	-7.62207E-01
 2.42188E+03	-2.77930E+00
 2.42473E+03	-1.80127E+00
 2.42758E+03	 1.56885E+00
 2.43043E+03	 4.40527E+00
 2.43328E+03	 3.61621E+00
 2.43613E+03	 2.93359E+00
 2.43897E+03	 1.88867E+00
 2.44181E+03	 2.97852E+00
 2.44465E+03	 5.17480E+00
 2.44749E+03	 4.68311E+00
 2.45033E+03	 5.25439E+00
 2.45316E+03	 3.48975E+00
 2.45600E+03	 6.48145E+00
 2.45883E+03	 7.66113E+00
 2.46166E+03	 2.76611E+00
 2.46449E+03	-5.38574E-01
 2.46732E+03	-3.14795E+00
 2.47014E+03	-2.47998E+00
 2.47296E+03	 1.88477E+00
 2.47579E+03	 3.36816E+00
 2.47861E+03	 1.54248E+00
 2.48143E+03	-2.12793E+00
 2.48424E+03	-1.63965E+00
 2.48706E+03	 1.87646E+00
 2.48987E+03	 4.81885E+00
 2.49268E+03	 7.20752E+00
 2.49549E+03	 5.92773E+00
 2.49830E+03	 1.54639E+00
 2.50111E+03	-1.95264E+00
 2.50392E+03	-4.43994E+00
 2.50672E+03	-4.00244E+00
 2.50952E+03	 8.11035E-01
 2.51232E+03	 4.64063E+00
 2.51512E+03	 7.94922E+00
 2.51792E+03	 1.07222E+01
 2.52072E+03	 9.06250E+00
 2.52351E+03	 3.44482E+00
 2.52630E+03	-2.70898E+00
 2.52909E+03	-5.00049E+00
 2.53188E+03	-3.74756E+00
 2.53467E+03	-6.76270E-01
 2.53746E+03	 4.94531E+00
 2.54024E+03	 6.52002E+00
 2.54302E+03	 4.68359E+00
 2.54580E+03	 6.73584E+00
 2.54858E+03	 5.75879E+00
 2.55136E+03	 5.41113E+00
 2.55414E+03	 2.27661E+00
 2.55691E+03	-2.34985E+00
 2.55968E+03	-1.88647E+00
 2.56246E+03	 2.85645E-02
 2.56523E+03	 2.64551E+00
 2.56799E+03	 4.17114E+00
 2.57076E+03	 7.73926E-02
 2.57353E+03	-1.48926E+00
 2.57629E+03	-1.46631E+00
 2.57905E+03	 1.07739E+00
 2.58181E+03	 3.87329E+00
 2.58457E+03	 3.87817E+00
 2.58733E+03	 1.65088E+00
 2.59008E+03	-1.94873E+00
 2.59283E+03	-3.24829E+00
 2.59559E+03	-1.84741E+00
 2.59834E+03	-2.71899E+00
 2.60109E+03	-2.00000E+00
 2.60383E+03	 1.45117E+00
 2.60658E+03	 2.51855E+00
 2.60932E+03	 4.07275E+00
 2.61207E+03	 1.15552E+00
 2.61481E+03	-6.49414E-01
 2.61755E+03	-3.09229E+00
 2.62028E+03	-3.01245E+00
 2.62302E+03	 1.95801E-01
 2.62575E+03	 1.49390E+00
 2.62849E+03	 4.23340E-01
 2.63122E+03	 8.78662E-01
 2.63395E+03	-6.98730E-01
 2.63668E+03	 1.22876E+00
 2.63940E+03	 5.78857E-01
 2.64213E+03	 1.06787E+00
 2.64485E+03	 1.30225E+00
 2.64757E+03	-2.49023E-01
 2.65029E+03	-3.42041E-01
 2.65301E+03	 6.96533E-01
 2.65573E+03	 5.25879E-01
 2.65845E+03	-2.41699E-02
 2.66116E+03	 3.76221E-01
 2.66387E+03	-3.00781E-01
 2.66658E+03	-9.59717E-01
 2.66929E+03	-1.96753E+00
 2.67200E+03	 1.36450E+00
 2.67471E+03	 2.97534E+00
 2.67741E+03	 2.28027E+00
 2.68012E+03	-1.28174E-01
 2.68282E+03	-1.50952E+00
 2.68552E+03	-3.63110E+00
 2.68822E+03	-2.55054E+00
 2.69091E+03	 7.06299E-01
 2.69361E+03	 5.18140E+00
 2.69630E+03	 2.62256E+00
 2.69899E+03	 6.79932E-01
 2.70168E+03	-1.93604E-01
 2.70437E+03	-5.77393E-01
 2.70706E+03	-1.60791E+00
 2.70975E+03	-1.90356E+00
 2.71243E+03	 8.40820E-01
 2.71511E+03	 2.69507E+00
 2.71780E+03	 3.60229E+00
 2.72048E+03	 3.61719E+00
 2.72315E+03	-2.98096E-01
 2.72583E+03	-2.31689E+00
 2.72851E+03	-2.43286E+00
 2.73118E+03	 5.36865E-01
 2.73385E+03	 1.78394E+00
 2.73652E+03	 2.18237E+00
 2.73919E+03	 5.94238E-01
 2.74186E+03	-1.56250E-01
 2.74453E+03	-4.62158E-01
 2.74719E+03	 7.46338E-01
 2.74985E+03	 5.54932E-01
 2.75251E+03	-4.39453E-02
 2.75517E+03	-9.92432E-01
 2.75783E+03	-1.39404E-01
 2.76049E+03	 1.97266E-01
 2.76315E+03	 1.24683E+00
 2.76580E+03	 1.07373E+00
 2.76845E+03	 1.14575E+00
 2.77110E+03	-4.34814E-01
 2.77375E+03	-2.22607E+00
 2.77640E+03	-2.04883E+00
 2.77905E+03	 4.17725E-01
 2.78169E+03	 4.26270E-01
 2.78433E+03	 4.53369E-01
 2.78698E+03	-4.42139E-01
 2.78962E+03	-5.43213E-01
 2.79226E+03	-4.62646E-01
 2.79489E+03	 1.87256E-01
 2.79753E+03	 2.31250E+00
 2.80016E+03	 1.76685E+00
 2.80280E+03	-1.37231E+00
 2.80543E+03	-2.40967E-01
 2.80806E+03	 2.44141E-02
 2.81068E+03	 1.44897E+00
 2.81331E+03	 1.23315E+00
 2.81594E+03	 1.63550E+00
 2.81856E+03	 8.11523E-01
 2.82118E+03	-1.51245E+00
 2.82380E+03	-8.54492E-01
 2.82642E+03	 5.06592E-01
 2.82904E+03	-4.64844E-01
 2.83166E+03	-2.73682E-01
 2.83427E+03	 6.36719E-01
 2.83689E+03	 1.70605E+00
 2.83950E+03	 7.89551E-01
 2.84211E+03	 2.18750E-01
 2.84472E+03	 2.75146E-01
 2.84732E+03	-3.73535E-02
 2.84993E+03	-5.83496E-01
 2.85253E+03	-1.61133E-02
 2.85514E+03	 5.96924E-01
 2.85774E+03	 3.66211E-01
 2.86034E+03	-6.36230E-01
 2.86294E+03	-6.56738E-02
 2.86553E+03	-1.15723E+00
 2.86813E+03	-1.70313E+00
 2.87072E+03	-2.34570E+00
 2.87332E+03	-8.07129E-01
 2.87591E+03	 1.68579E+00
 2.87850E+03	 1.61523E+00
 2.88109E+03	 1.80957E+00
 2.88367E+03	 1.54517E+00
 2.88626E+03	 2.64648E-01
 2.88884E+03	-4.72900E-01
 2.89142E+03	-1.08350E+00
 2.89401E+03	 1.35498E-01
 2.89659E+03	-1.24683E+00
 2.89916E+03	-1.33203E+00
 2.90174E+03	 1.39136E+00
 2.90432E+03	 1.34741E+00
 2.90689E+03	 8.15918E-01
 2.90946E+03	 2.81494E-01
 2.91203E+03	-7.95410E-01
 2.91460E+03	-1.88843E+00
 2.91717E+03	-1.05249E+00
 2.91974E+03	-1.83105E-01
 2.92230E+03	-6.17920E-01
 2.92486E+03	 2.81250E-01
 2.92743E+03	 1.84424E+00
 2.92999E+03	 2.06812E+00
 2.93255E+03	 3.93970E+00
 2.93510E+03	 4.66895E+00
 2.93766E+03	 3.10449E+00
 2.94021E+03	 1.01758E+00
 2.94277E+03	 1.02441E+00
 2.94532E+03	-4.88281E-02
 2.94787E+03	-1.39600E+00
 2.95042E+03	-5.49316E-01
 2.95297E+03	 9.93408E-01
 2.95551E+03	 3.16650E-01
 2.95806E+03	 1.91504E+00
 2.96060E+03	 7.15576E-01
 2.96314E+03	-6.46729E-01
 2.96568E+03	-9.64600E-01
 2.96822E+03	-1.30542E+00
 2.97076E+03	-1.01196E+00
 2.97330E+03	-2.80029E-01
 2.97583E+03	 2.33154E-01
 2.97837E+03	 8.90381E-01
 2.98090E+03	 1.57886E+00
 2.98343E+03	 3.91333E+00
 2.98596E+03	 1.68945E+00
 2.98849E+03	 9.87793E-01
 2.99101E+03	-5.32959E-01
 2.99354E+03	-1.71313E+00
 2.99606E+03	-2.20923E+00
 2.99858E+03	-1.06445E+00
 3.00110E+03	-2.34863E-01
 3.00362E+03	 1.28345E+00
 3.00614E+03	 1.49219E+00
 3.00866E+03	 2.09668E+00
 3.01117E+03	-6.73828E-02
 3.01369E+03	-9.27490E-01
 3.01620E+03	-1.18042E+00
 3.01871E+03	-5.98145E-01
 3.02122E+03	 8.28857E-01
 3.02373E+03	 1.46484E-01
 3.02623E+03	-8.24219E-01
 3.02874E+03	 5.81055E-02
 3.03124E+03	 5.76416E-01
 3.03374E+03	 1.89722E+00
 3.03625E+03	 3.33936E+00
 3.03875E+03	 6.00098E-01
 3.04124E+03	-1.73828E+00
 3.04374E+03	-2.22241E+00
 3.04624E+03	-1.23340E+00
 3.04873E+03	-1.41919E+00
 3.05122E+03	-1.00562E+00
 3.05371E+03	-1.16699E-01
 3.05620E+03	-1.56982E-01
 3.05869E+03	-6.81885E-01
 3.06118E+03	 3.75732E-01
 3.06367E+03	 1.98486E-01
 3.06615E+03	-1.11328E+00
 3.06863E+03	-1.74658E+00
 3.07111E+03	-4.01611E-01
 3.07359E+03	 1.73584E-01
 3.07607E+03	 1.36084E+00
 3.07855E+03	 2.67090E+00
 3.08103E+03	 3.23828E+00
 3.08350E+03	 1.76685E+00
 3.08598E+03	-1.40381E-01
 3.08845E+03	-1.78247E+00
 3.09092E+03	-7.31689E-01
 3.09339E+03	 1.32080E-01
 3.09586E+03	-3.16406E-01
 3.09832E+03	-1.49292E+00
 3.10079E+03	-3.03711E+00
